2.519999999999999929e+01 1.040000000000000000e+02 4.720000000000000284e+01
3.279999999999999716e+01 8.640000000000000568e+01 4.720000000000000284e+01
4.600000000000000000e+01 7.720000000000000284e+01 4.720000000000000284e+01
5.800000000000000000e+01 5.720000000000000284e+01 4.720000000000000284e+01
7.040000000000000568e+01 3.320000000000000284e+01 4.720000000000000284e+01
8.400000000000000000e+01 2.760000000000000142e+01 4.720000000000000284e+01
9.840000000000000568e+01 3.560000000000000142e+01 4.720000000000000284e+01
1.052000000000000028e+02 5.479999999999999716e+01 4.720000000000000284e+01
1.104000000000000057e+02 7.640000000000000568e+01 4.720000000000000284e+01
1.227999999999999972e+02 8.920000000000000284e+01 4.720000000000000284e+01
1.260000000000000000e+02 1.052000000000000028e+02 4.720000000000000284e+01
