2.520000076293945312e+01 1.040000000000000000e+02 4.720000076293945312e+01
2.520445442199707031e+01 1.039852447509765625e+02 4.720000076293945312e+01
2.521769523620605469e+01 1.039416122436523438e+02 4.720000076293945312e+01
2.523954200744628906e+01 1.038700485229492188e+02 4.720000076293945312e+01
2.526981735229492188e+01 1.037715225219726562e+02 4.720000076293945312e+01
2.530834007263183594e+01 1.036469802856445312e+02 4.720000076293945312e+01
2.535493087768554688e+01 1.034973678588867188e+02 4.720000076293945312e+01
2.540940856933593750e+01 1.033236541748046875e+02 4.720000076293945312e+01
2.547159194946289062e+01 1.031267852783203125e+02 4.720000076293945312e+01
2.554130554199218750e+01 1.029077148437500000e+02 4.720000076293945312e+01
2.561836433410644531e+01 1.026674041748046875e+02 4.720000076293945312e+01
2.570259284973144531e+01 1.024067916870117188e+02 4.720000076293945312e+01
2.579380798339843750e+01 1.021268463134765625e+02 4.720000076293945312e+01
2.589183235168457031e+01 1.018285140991210938e+02 4.720000076293945312e+01
2.599648284912109375e+01 1.015127563476562500e+02 4.720000076293945312e+01
2.610758209228515625e+01 1.011805191040039062e+02 4.720000076293945312e+01
2.622494888305664062e+01 1.008327560424804688e+02 4.720000076293945312e+01
2.634840393066406250e+01 1.004704208374023438e+02 4.720000076293945312e+01
2.647776794433593750e+01 1.000944824218750000e+02 4.720000076293945312e+01
2.661285972595214844e+01 9.970587158203125000e+01 4.720000076293945312e+01
2.675349998474121094e+01 9.930555725097656250e+01 4.720000076293945312e+01
2.689950752258300781e+01 9.889449310302734375e+01 4.720000076293945312e+01
2.705070304870605469e+01 9.847362518310546875e+01 4.720000076293945312e+01
2.720690917968750000e+01 9.804391479492187500e+01 4.720000076293945312e+01
2.736794281005859375e+01 9.760630798339843750e+01 4.720000076293945312e+01
2.753362464904785156e+01 9.716176605224609375e+01 4.720000076293945312e+01
2.770377540588378906e+01 9.671124267578125000e+01 4.720000076293945312e+01
2.787821578979492188e+01 9.625569152832031250e+01 4.720000076293945312e+01
2.805676269531250000e+01 9.579605865478515625e+01 4.720000076293945312e+01
2.823924064636230469e+01 9.533330535888671875e+01 4.720000076293945312e+01
2.842546653747558594e+01 9.486838531494140625e+01 4.720000076293945312e+01
2.861526107788085938e+01 9.440225219726562500e+01 4.720000076293945312e+01
2.880844497680664062e+01 9.393585968017578125e+01 4.720000076293945312e+01
2.900483894348144531e+01 9.347015380859375000e+01 4.720000076293945312e+01
2.920426177978515625e+01 9.300610351562500000e+01 4.720000076293945312e+01
2.940653228759765625e+01 9.254465484619140625e+01 4.720000076293945312e+01
2.961147308349609375e+01 9.208675384521484375e+01 4.720000076293945312e+01
2.981890296936035156e+01 9.163336944580078125e+01 4.720000076293945312e+01
3.002864265441894531e+01 9.118544769287109375e+01 4.720000076293945312e+01
3.024051284790039062e+01 9.074394226074218750e+01 4.720000076293945312e+01
3.045433044433593750e+01 9.030980682373046875e+01 4.720000076293945312e+01
3.066991806030273438e+01 8.988399505615234375e+01 4.720000076293945312e+01
3.088709640502929688e+01 8.946746826171875000e+01 4.720000076293945312e+01
3.110568428039550781e+01 8.906117248535156250e+01 4.720000076293945312e+01
3.132550048828125000e+01 8.866606140136718750e+01 4.720000076293945312e+01
3.154636764526367188e+01 8.828308868408203125e+01 4.720000076293945312e+01
3.176810455322265625e+01 8.791321563720703125e+01 4.720000076293945312e+01
3.199053192138671875e+01 8.755738830566406250e+01 4.720000076293945312e+01
3.221347045898437500e+01 8.721656036376953125e+01 4.720000076293945312e+01
3.243673706054687500e+01 8.689169311523437500e+01 4.720000076293945312e+01
3.266015243530273438e+01 8.658374023437500000e+01 4.720000076293945312e+01
3.288434982299804688e+01 8.629302215576171875e+01 4.720000076293945312e+01
3.311751174926757812e+01 8.601351928710937500e+01 4.720000076293945312e+01
3.336140441894531250e+01 8.574311828613281250e+01 4.720000076293945312e+01
3.361551284790039062e+01 8.548137664794921875e+01 4.720000076293945312e+01
3.387931442260742188e+01 8.522784423828125000e+01 4.720000076293945312e+01
3.415229797363281250e+01 8.498207092285156250e+01 4.720000076293945312e+01
3.443394088745117188e+01 8.474360656738281250e+01 4.720000076293945312e+01
3.472372817993164062e+01 8.451199340820312500e+01 4.720000076293945312e+01
3.502113723754882812e+01 8.428679656982421875e+01 4.720000076293945312e+01
3.532565689086914062e+01 8.406755065917968750e+01 4.720000076293945312e+01
3.563676452636718750e+01 8.385382080078125000e+01 4.720000076293945312e+01
3.595394134521484375e+01 8.364514923095703125e+01 4.720000076293945312e+01
3.627667236328125000e+01 8.344108581542968750e+01 4.720000076293945312e+01
3.660443878173828125e+01 8.324118804931640625e+01 4.720000076293945312e+01
3.693672180175781250e+01 8.304499816894531250e+01 4.720000076293945312e+01
3.727300262451171875e+01 8.285206604003906250e+01 4.720000076293945312e+01
3.761276626586914062e+01 8.266194915771484375e+01 4.720000076293945312e+01
3.795549392700195312e+01 8.247418975830078125e+01 4.720000076293945312e+01
3.830066680908203125e+01 8.228834533691406250e+01 4.720000076293945312e+01
3.864776992797851562e+01 8.210395812988281250e+01 4.720000076293945312e+01
3.899628067016601562e+01 8.192058563232421875e+01 4.720000076293945312e+01
3.934568405151367188e+01 8.173777770996093750e+01 4.720000076293945312e+01
3.969546127319335938e+01 8.155508422851562500e+01 4.720000076293945312e+01
4.004509353637695312e+01 8.137205505371093750e+01 4.720000076293945312e+01
4.039406585693359375e+01 8.118823242187500000e+01 4.720000076293945312e+01
4.074185562133789062e+01 8.100317382812500000e+01 4.720000076293945312e+01
4.108795166015625000e+01 8.081643676757812500e+01 4.720000076293945312e+01
4.143182754516601562e+01 8.062755584716796875e+01 4.720000076293945312e+01
4.177297210693359375e+01 8.043609619140625000e+01 4.720000076293945312e+01
4.211086654663085938e+01 8.024160003662109375e+01 4.720000076293945312e+01
4.244499206542968750e+01 8.004361724853515625e+01 4.720000076293945312e+01
4.277482986450195312e+01 7.984170532226562500e+01 4.720000076293945312e+01
4.309986114501953125e+01 7.963539886474609375e+01 4.720000076293945312e+01
4.341957092285156250e+01 7.942427062988281250e+01 4.720000076293945312e+01
4.373343658447265625e+01 7.920784759521484375e+01 4.720000076293945312e+01
4.404094696044921875e+01 7.898570251464843750e+01 4.720000076293945312e+01
4.434157943725585938e+01 7.875736999511718750e+01 4.720000076293945312e+01
4.463481903076171875e+01 7.852239990234375000e+01 4.720000076293945312e+01
4.492014312744140625e+01 7.828034973144531250e+01 4.720000076293945312e+01
4.519704055786132812e+01 7.803076934814453125e+01 4.720000076293945312e+01
4.546498489379882812e+01 7.777320861816406250e+01 4.720000076293945312e+01
4.572346878051757812e+01 7.750721740722656250e+01 4.720000076293945312e+01
4.597196197509765625e+01 7.723233795166015625e+01 4.720000076293945312e+01
4.621309661865234375e+01 7.695082092285156250e+01 4.720000076293945312e+01
4.645152664184570312e+01 7.666664886474609375e+01 4.720000076293945312e+01
4.668735504150390625e+01 7.637992095947265625e+01 4.720000076293945312e+01
4.692064285278320312e+01 7.609070587158203125e+01 4.720000076293945312e+01
4.715144729614257812e+01 7.579905700683593750e+01 4.720000076293945312e+01
4.737982559204101562e+01 7.550503540039062500e+01 4.720000076293945312e+01
4.760583496093750000e+01 7.520870208740234375e+01 4.720000076293945312e+01
4.782953262329101562e+01 7.491011810302734375e+01 4.720000076293945312e+01
4.805097198486328125e+01 7.460934448242187500e+01 4.720000076293945312e+01
4.827021408081054688e+01 7.430643463134765625e+01 4.720000076293945312e+01
4.848731231689453125e+01 7.400145721435546875e+01 4.720000076293945312e+01
4.870232772827148438e+01 7.369446563720703125e+01 4.720000076293945312e+01
4.891531372070312500e+01 7.338552856445312500e+01 4.720000076293945312e+01
4.912632751464843750e+01 7.307469177246093750e+01 4.720000076293945312e+01
4.933543014526367188e+01 7.276202392578125000e+01 4.720000076293945312e+01
4.954267501831054688e+01 7.244758605957031250e+01 4.720000076293945312e+01
4.974811935424804688e+01 7.213143157958984375e+01 4.720000076293945312e+01
4.995182037353515625e+01 7.181362915039062500e+01 4.720000076293945312e+01
5.015383529663085938e+01 7.149423217773437500e+01 4.720000076293945312e+01
5.035421752929687500e+01 7.117330169677734375e+01 4.720000076293945312e+01
5.055303192138671875e+01 7.085089874267578125e+01 4.720000076293945312e+01
5.075032806396484375e+01 7.052708435058593750e+01 4.720000076293945312e+01
5.094616699218750000e+01 7.020191192626953125e+01 4.720000076293945312e+01
5.114060592651367188e+01 6.987545013427734375e+01 4.720000076293945312e+01
5.133369827270507812e+01 6.954775238037109375e+01 4.720000076293945312e+01
5.152550506591796875e+01 6.921888732910156250e+01 4.720000076293945312e+01
5.171607971191406250e+01 6.888890838623046875e+01 4.720000076293945312e+01
5.190547943115234375e+01 6.855786895751953125e+01 4.720000076293945312e+01
5.209376525878906250e+01 6.822584533691406250e+01 4.720000076293945312e+01
5.228099060058593750e+01 6.789287567138671875e+01 4.720000076293945312e+01
5.246721267700195312e+01 6.755904388427734375e+01 4.720000076293945312e+01
5.265248870849609375e+01 6.722439575195312500e+01 4.720000076293945312e+01
5.283687591552734375e+01 6.688899230957031250e+01 4.720000076293945312e+01
5.302043151855468750e+01 6.655289459228515625e+01 4.720000076293945312e+01
5.320321273803710938e+01 6.621615600585937500e+01 4.720000076293945312e+01
5.338527679443359375e+01 6.587885284423828125e+01 4.720000076293945312e+01
5.356668090820312500e+01 6.554103088378906250e+01 4.720000076293945312e+01
5.374747848510742188e+01 6.520275878906250000e+01 4.720000076293945312e+01
5.392772674560546875e+01 6.486408996582031250e+01 4.720000076293945312e+01
5.410749053955078125e+01 6.452508544921875000e+01 4.720000076293945312e+01
5.428681564331054688e+01 6.418580627441406250e+01 4.720000076293945312e+01
5.446576690673828125e+01 6.384630966186523438e+01 4.720000076293945312e+01
5.464440155029296875e+01 6.350666427612304688e+01 4.720000076293945312e+01
5.482276916503906250e+01 6.316691970825195312e+01 4.720000076293945312e+01
5.500093460083007812e+01 6.282714080810546875e+01 4.720000076293945312e+01
5.517895126342773438e+01 6.248738861083984375e+01 4.720000076293945312e+01
5.535687637329101562e+01 6.214772033691406250e+01 4.720000076293945312e+01
5.553476715087890625e+01 6.180819320678710938e+01 4.720000076293945312e+01
5.571268081665039062e+01 6.146887588500976562e+01 4.720000076293945312e+01
5.589067077636718750e+01 6.112982177734375000e+01 4.720000076293945312e+01
5.606880187988281250e+01 6.079109191894531250e+01 4.720000076293945312e+01
5.624712371826171875e+01 6.045274353027343750e+01 4.720000076293945312e+01
5.642569732666015625e+01 6.011484146118164062e+01 4.720000076293945312e+01
5.660457611083984375e+01 5.977744293212890625e+01 4.720000076293945312e+01
5.678382110595703125e+01 5.944060897827148438e+01 4.720000076293945312e+01
5.696348571777343750e+01 5.910440063476562500e+01 4.720000076293945312e+01
5.714363098144531250e+01 5.876887512207031250e+01 4.720000076293945312e+01
5.732431030273437500e+01 5.843409347534179688e+01 4.720000076293945312e+01
5.750558090209960938e+01 5.810011291503906250e+01 4.720000076293945312e+01
5.768750000000000000e+01 5.776699829101562500e+01 4.720000076293945312e+01
5.787012863159179688e+01 5.743480682373046875e+01 4.720000076293945312e+01
5.805338668823242188e+01 5.710346221923828125e+01 4.720000076293945312e+01
5.823515701293945312e+01 5.677075195312500000e+01 4.720000076293945312e+01
5.841475296020507812e+01 5.643594741821289062e+01 4.720000076293945312e+01
5.859225082397460938e+01 5.609913635253906250e+01 4.720000076293945312e+01
5.876773834228515625e+01 5.576040649414062500e+01 4.720000076293945312e+01
5.894130325317382812e+01 5.541984176635742188e+01 4.720000076293945312e+01
5.911302947998046875e+01 5.507752609252929688e+01 4.720000076293945312e+01
5.928300094604492188e+01 5.473355484008789062e+01 4.720000076293945312e+01
5.945129776000976562e+01 5.438800430297851562e+01 4.720000076293945312e+01
5.961801147460937500e+01 5.404096603393554688e+01 4.720000076293945312e+01
5.978322601318359375e+01 5.369252777099609375e+01 4.720000076293945312e+01
5.994702148437500000e+01 5.334276962280273438e+01 4.720000076293945312e+01
6.010948562622070312e+01 5.299178314208984375e+01 4.720000076293945312e+01
6.027070236206054688e+01 5.263965225219726562e+01 4.720000076293945312e+01
6.043075942993164062e+01 5.228646850585937500e+01 4.720000076293945312e+01
6.058974075317382812e+01 5.193230819702148438e+01 4.720000076293945312e+01
6.074772644042968750e+01 5.157726669311523438e+01 4.720000076293945312e+01
6.090480422973632812e+01 5.122142410278320312e+01 4.720000076293945312e+01
6.106106185913085938e+01 5.086487197875976562e+01 4.720000076293945312e+01
6.121657943725585938e+01 5.050769424438476562e+01 4.720000076293945312e+01
6.137144470214843750e+01 5.014997482299804688e+01 4.720000076293945312e+01
6.152574157714843750e+01 4.979180145263671875e+01 4.720000076293945312e+01
6.167955398559570312e+01 4.943326568603515625e+01 4.720000076293945312e+01
6.183296966552734375e+01 4.907444381713867188e+01 4.720000076293945312e+01
6.198606872558593750e+01 4.871543121337890625e+01 4.720000076293945312e+01
6.213893890380859375e+01 4.835631179809570312e+01 4.720000076293945312e+01
6.229166412353515625e+01 4.799716567993164062e+01 4.720000076293945312e+01
6.244432830810546875e+01 4.763808822631835938e+01 4.720000076293945312e+01
6.259701919555664062e+01 4.727915954589843750e+01 4.720000076293945312e+01
6.274982070922851562e+01 4.692047119140625000e+01 4.720000076293945312e+01
6.290281295776367188e+01 4.656210327148437500e+01 4.720000076293945312e+01
6.305608749389648438e+01 4.620414733886718750e+01 4.720000076293945312e+01
6.320972442626953125e+01 4.584668731689453125e+01 4.720000076293945312e+01
6.336381149291992188e+01 4.548980712890625000e+01 4.720000076293945312e+01
6.351842880249023438e+01 4.513359832763671875e+01 4.720000076293945312e+01
6.367366409301757812e+01 4.477814483642578125e+01 4.720000076293945312e+01
6.382960510253906250e+01 4.442353057861328125e+01 4.720000076293945312e+01
6.398633193969726562e+01 4.406984329223632812e+01 4.720000076293945312e+01
6.414393615722656250e+01 4.371717071533203125e+01 4.720000076293945312e+01
6.430249023437500000e+01 4.336560058593750000e+01 4.720000076293945312e+01
6.446208953857421875e+01 4.301521682739257812e+01 4.720000076293945312e+01
6.462281799316406250e+01 4.266610336303710938e+01 4.720000076293945312e+01
6.478475189208984375e+01 4.231834793090820312e+01 4.720000076293945312e+01
6.494798278808593750e+01 4.197204208374023438e+01 4.720000076293945312e+01
6.511260223388671875e+01 4.162726593017578125e+01 4.720000076293945312e+01
6.527867889404296875e+01 4.128410720825195312e+01 4.720000076293945312e+01
6.544631195068359375e+01 4.094265365600585938e+01 4.720000076293945312e+01
6.561557769775390625e+01 4.060298919677734375e+01 4.720000076293945312e+01
6.578656768798828125e+01 4.026520156860351562e+01 4.720000076293945312e+01
6.595935821533203125e+01 3.992937850952148438e+01 4.720000076293945312e+01
6.613403320312500000e+01 3.959560394287109375e+01 4.720000076293945312e+01
6.631069183349609375e+01 3.926396560668945312e+01 4.720000076293945312e+01
6.648940277099609375e+01 3.893455123901367188e+01 4.720000076293945312e+01
6.667026519775390625e+01 3.860744476318359375e+01 4.720000076293945312e+01
6.685334777832031250e+01 3.828273010253906250e+01 4.720000076293945312e+01
6.703874969482421875e+01 3.796049880981445312e+01 4.720000076293945312e+01
6.722654724121093750e+01 3.764083480834960938e+01 4.720000076293945312e+01
6.741682434082031250e+01 3.732382202148437500e+01 4.720000076293945312e+01
6.760967254638671875e+01 3.700955200195312500e+01 4.720000076293945312e+01
6.780517578125000000e+01 3.669810485839843750e+01 4.720000076293945312e+01
6.800341033935546875e+01 3.638957214355468750e+01 4.720000076293945312e+01
6.820447540283203125e+01 3.608403778076171875e+01 4.720000076293945312e+01
6.840843963623046875e+01 3.578158950805664062e+01 4.720000076293945312e+01
6.861540222167968750e+01 3.548231124877929688e+01 4.720000076293945312e+01
6.882543182373046875e+01 3.518629074096679688e+01 4.720000076293945312e+01
6.903862762451171875e+01 3.489361572265625000e+01 4.720000076293945312e+01
6.925507354736328125e+01 3.460437011718750000e+01 4.720000076293945312e+01
6.947483825683593750e+01 3.431864166259765625e+01 4.720000076293945312e+01
6.969802856445312500e+01 3.403651428222656250e+01 4.720000076293945312e+01
6.992471313476562500e+01 3.375807952880859375e+01 4.720000076293945312e+01
7.015498352050781250e+01 3.348341751098632812e+01 4.720000076293945312e+01
7.038893127441406250e+01 3.321261596679687500e+01 4.720000076293945312e+01
7.063040924072265625e+01 3.294575119018554688e+01 4.720000076293945312e+01
7.088368988037109375e+01 3.268296813964843750e+01 4.720000076293945312e+01
7.114828491210937500e+01 3.242445755004882812e+01 4.720000076293945312e+01
7.142369842529296875e+01 3.217041778564453125e+01 4.720000076293945312e+01
7.170943450927734375e+01 3.192103576660156250e+01 4.720000076293945312e+01
7.200499725341796875e+01 3.167651176452636719e+01 4.720000076293945312e+01
7.230989837646484375e+01 3.143703842163085938e+01 4.720000076293945312e+01
7.262364959716796875e+01 3.120281028747558594e+01 4.720000076293945312e+01
7.294573974609375000e+01 3.097402191162109375e+01 4.720000076293945312e+01
7.327568054199218750e+01 3.075086593627929688e+01 4.720000076293945312e+01
7.361299133300781250e+01 3.053353881835937500e+01 4.720000076293945312e+01
7.395715332031250000e+01 3.032223320007324219e+01 4.720000076293945312e+01
7.430769348144531250e+01 3.011714553833007812e+01 4.720000076293945312e+01
7.466410827636718750e+01 2.991846656799316406e+01 4.720000076293945312e+01
7.502590942382812500e+01 2.972639465332031250e+01 4.720000076293945312e+01
7.539259338378906250e+01 2.954112052917480469e+01 4.720000076293945312e+01
7.576366424560546875e+01 2.936284065246582031e+01 4.720000076293945312e+01
7.613864135742187500e+01 2.919174957275390625e+01 4.720000076293945312e+01
7.651702117919921875e+01 2.902803993225097656e+01 4.720000076293945312e+01
7.689831542968750000e+01 2.887190628051757812e+01 4.720000076293945312e+01
7.728202056884765625e+01 2.872354507446289062e+01 4.720000076293945312e+01
7.766764831542968750e+01 2.858314704895019531e+01 4.720000076293945312e+01
7.805470275878906250e+01 2.845091056823730469e+01 4.720000076293945312e+01
7.844268798828125000e+01 2.832702636718750000e+01 4.720000076293945312e+01
7.883111572265625000e+01 2.821169281005859375e+01 4.720000076293945312e+01
7.921949005126953125e+01 2.810509872436523438e+01 4.720000076293945312e+01
7.960730743408203125e+01 2.800744247436523438e+01 4.720000076293945312e+01
7.999408721923828125e+01 2.791891860961914062e+01 4.720000076293945312e+01
8.037932586669921875e+01 2.783971786499023438e+01 4.720000076293945312e+01
8.076252746582031250e+01 2.777003860473632812e+01 4.720000076293945312e+01
8.114320373535156250e+01 2.771007347106933594e+01 4.720000076293945312e+01
8.152086639404296875e+01 2.766001510620117188e+01 4.720000076293945312e+01
8.189500427246093750e+01 2.762005996704101562e+01 4.720000076293945312e+01
8.226513671875000000e+01 2.759040069580078125e+01 4.720000076293945312e+01
8.263076782226562500e+01 2.757123374938964844e+01 4.720000076293945312e+01
8.299139404296875000e+01 2.756275367736816406e+01 4.720000076293945312e+01
8.334652709960937500e+01 2.756515121459960938e+01 4.720000076293945312e+01
8.369567871093750000e+01 2.757862281799316406e+01 4.720000076293945312e+01
8.403841400146484375e+01 2.760335350036621094e+01 4.720000076293945312e+01
8.438106536865234375e+01 2.763848304748535156e+01 4.720000076293945312e+01
8.472771453857421875e+01 2.768323516845703125e+01 4.720000076293945312e+01
8.507804107666015625e+01 2.773742103576660156e+01 4.720000076293945312e+01
8.543171691894531250e+01 2.780085754394531250e+01 4.720000076293945312e+01
8.578839874267578125e+01 2.787335205078125000e+01 4.720000076293945312e+01
8.614776611328125000e+01 2.795472145080566406e+01 4.720000076293945312e+01
8.650948333740234375e+01 2.804477691650390625e+01 4.720000076293945312e+01
8.687322998046875000e+01 2.814333152770996094e+01 4.720000076293945312e+01
8.723866271972656250e+01 2.825019645690917969e+01 4.720000076293945312e+01
8.760546112060546875e+01 2.836518669128417969e+01 4.720000076293945312e+01
8.797329711914062500e+01 2.848811340332031250e+01 4.720000076293945312e+01
8.834183502197265625e+01 2.861878776550292969e+01 4.720000076293945312e+01
8.871073913574218750e+01 2.875702667236328125e+01 4.720000076293945312e+01
8.907969665527343750e+01 2.890263938903808594e+01 4.720000076293945312e+01
8.944836425781250000e+01 2.905543899536132812e+01 4.720000076293945312e+01
8.981640625000000000e+01 2.921524047851562500e+01 4.720000076293945312e+01
9.018350982666015625e+01 2.938185310363769531e+01 4.720000076293945312e+01
9.054933929443359375e+01 2.955509185791015625e+01 4.720000076293945312e+01
9.091355133056640625e+01 2.973476791381835938e+01 4.720000076293945312e+01
9.127583312988281250e+01 2.992069625854492188e+01 4.720000076293945312e+01
9.163584899902343750e+01 3.011268806457519531e+01 4.720000076293945312e+01
9.199326324462890625e+01 3.031055450439453125e+01 4.720000076293945312e+01
9.234774780273437500e+01 3.051411247253417969e+01 4.720000076293945312e+01
9.269898223876953125e+01 3.072316932678222656e+01 4.720000076293945312e+01
9.304662322998046875e+01 3.093754196166992188e+01 4.720000076293945312e+01
9.339035034179687500e+01 3.115704154968261719e+01 4.720000076293945312e+01
9.372983551025390625e+01 3.138148117065429688e+01 4.720000076293945312e+01
9.406473541259765625e+01 3.161067199707031250e+01 4.720000076293945312e+01
9.439472961425781250e+01 3.184442901611328125e+01 4.720000076293945312e+01
9.471948242187500000e+01 3.208256149291992188e+01 4.720000076293945312e+01
9.503867340087890625e+01 3.232488632202148438e+01 4.720000076293945312e+01
9.535196685791015625e+01 3.257121276855468750e+01 4.720000076293945312e+01
9.565902709960937500e+01 3.282135772705078125e+01 4.720000076293945312e+01
9.595953369140625000e+01 3.307512664794921875e+01 4.720000076293945312e+01
9.625315093994140625e+01 3.333234024047851562e+01 4.720000076293945312e+01
9.653955841064453125e+01 3.359280776977539062e+01 4.720000076293945312e+01
9.681840515136718750e+01 3.385633850097656250e+01 4.720000076293945312e+01
9.708938598632812500e+01 3.412275314331054688e+01 4.720000076293945312e+01
9.735214996337890625e+01 3.439185333251953125e+01 4.720000076293945312e+01
9.760637664794921875e+01 3.466346359252929688e+01 4.720000076293945312e+01
9.785173797607421875e+01 3.493738937377929688e+01 4.720000076293945312e+01
9.808790588378906250e+01 3.521344375610351562e+01 4.720000076293945312e+01
9.831453704833984375e+01 3.549143981933593750e+01 4.720000076293945312e+01
9.853206634521484375e+01 3.577191543579101562e+01 4.720000076293945312e+01
9.874332427978515625e+01 3.605754470825195312e+01 4.720000076293945312e+01
9.894874572753906250e+01 3.634846878051757812e+01 4.720000076293945312e+01
9.914849090576171875e+01 3.664454650878906250e+01 4.720000076293945312e+01
9.934270477294921875e+01 3.694562530517578125e+01 4.720000076293945312e+01
9.953153228759765625e+01 3.725155258178710938e+01 4.720000076293945312e+01
9.971512603759765625e+01 3.756218719482421875e+01 4.720000076293945312e+01
9.989363098144531250e+01 3.787737655639648438e+01 4.720000076293945312e+01
1.000671997070312500e+02 3.819697189331054688e+01 4.720000076293945312e+01
1.002359848022460938e+02 3.852082824707031250e+01 4.720000076293945312e+01
1.004001235961914062e+02 3.884879684448242188e+01 4.720000076293945312e+01
1.005597763061523438e+02 3.918072891235351562e+01 4.720000076293945312e+01
1.007150802612304688e+02 3.951647186279296875e+01 4.720000076293945312e+01
1.008661956787109375e+02 3.985588073730468750e+01 4.720000076293945312e+01
1.010132675170898438e+02 4.019881057739257812e+01 4.720000076293945312e+01
1.011564483642578125e+02 4.054510498046875000e+01 4.720000076293945312e+01
1.012958755493164062e+02 4.089462280273437500e+01 4.720000076293945312e+01
1.014317092895507812e+02 4.124721527099609375e+01 4.720000076293945312e+01
1.015640869140625000e+02 4.160272979736328125e+01 4.720000076293945312e+01
1.016931686401367188e+02 4.196101760864257812e+01 4.720000076293945312e+01
1.018190994262695312e+02 4.232193756103515625e+01 4.720000076293945312e+01
1.019420318603515625e+02 4.268533325195312500e+01 4.720000076293945312e+01
1.020621032714843750e+02 4.305106353759765625e+01 4.720000076293945312e+01
1.021794738769531250e+02 4.341897201538085938e+01 4.720000076293945312e+01
1.022942886352539062e+02 4.378891754150390625e+01 4.720000076293945312e+01
1.024066925048828125e+02 4.416074752807617188e+01 4.720000076293945312e+01
1.025168457031250000e+02 4.453431701660156250e+01 4.720000076293945312e+01
1.026248855590820312e+02 4.490947341918945312e+01 4.720000076293945312e+01
1.027309646606445312e+02 4.528607177734375000e+01 4.720000076293945312e+01
1.028352279663085938e+02 4.566396331787109375e+01 4.720000076293945312e+01
1.029378280639648438e+02 4.604299926757812500e+01 4.720000076293945312e+01
1.030389175415039062e+02 4.642303085327148438e+01 4.720000076293945312e+01
1.031386489868164062e+02 4.680390930175781250e+01 4.720000076293945312e+01
1.032371520996093750e+02 4.718548583984375000e+01 4.720000076293945312e+01
1.033345947265625000e+02 4.756761550903320312e+01 4.720000076293945312e+01
1.034311141967773438e+02 4.795014953613281250e+01 4.720000076293945312e+01
1.035268630981445312e+02 4.833293151855468750e+01 4.720000076293945312e+01
1.036219940185546875e+02 4.871582412719726562e+01 4.720000076293945312e+01
1.037166519165039062e+02 4.909867477416992188e+01 4.720000076293945312e+01
1.038109893798828125e+02 4.948133087158203125e+01 4.720000076293945312e+01
1.039051513671875000e+02 4.986365127563476562e+01 4.720000076293945312e+01
1.039992828369140625e+02 5.024548339843750000e+01 4.720000076293945312e+01
1.040935363769531250e+02 5.062667846679687500e+01 4.720000076293945312e+01
1.041880645751953125e+02 5.100709152221679688e+01 4.720000076293945312e+01
1.042830200195312500e+02 5.138656997680664062e+01 4.720000076293945312e+01
1.043785324096679688e+02 5.176496887207031250e+01 4.720000076293945312e+01
1.044747772216796875e+02 5.214213562011718750e+01 4.720000076293945312e+01
1.045718765258789062e+02 5.251792907714843750e+01 4.720000076293945312e+01
1.046699981689453125e+02 5.289219284057617188e+01 4.720000076293945312e+01
1.047692871093750000e+02 5.326478576660156250e+01 4.720000076293945312e+01
1.048698806762695312e+02 5.363555526733398438e+01 4.720000076293945312e+01
1.049719467163085938e+02 5.400435256958007812e+01 4.720000076293945312e+01
1.050756225585937500e+02 5.437103271484375000e+01 4.720000076293945312e+01
1.051810531616210938e+02 5.473544692993164062e+01 4.720000076293945312e+01
1.052864303588867188e+02 5.509888839721679688e+01 4.720000076293945312e+01
1.053881530761718750e+02 5.546402359008789062e+01 4.720000076293945312e+01
1.054862899780273438e+02 5.583082580566406250e+01 4.720000076293945312e+01
1.055810165405273438e+02 5.619921875000000000e+01 4.720000076293945312e+01
1.056725006103515625e+02 5.656911468505859375e+01 4.720000076293945312e+01
1.057609024047851562e+02 5.694042968750000000e+01 4.720000076293945312e+01
1.058463897705078125e+02 5.731308364868164062e+01 4.720000076293945312e+01
1.059291305541992188e+02 5.768698501586914062e+01 4.720000076293945312e+01
1.060093002319335938e+02 5.806205749511718750e+01 4.720000076293945312e+01
1.060870590209960938e+02 5.843821334838867188e+01 4.720000076293945312e+01
1.061625671386718750e+02 5.881536865234375000e+01 4.720000076293945312e+01
1.062360076904296875e+02 5.919343948364257812e+01 4.720000076293945312e+01
1.063075332641601562e+02 5.957234573364257812e+01 4.720000076293945312e+01
1.063773193359375000e+02 5.995199584960937500e+01 4.720000076293945312e+01
1.064455261230468750e+02 6.033231353759765625e+01 4.720000076293945312e+01
1.065123291015625000e+02 6.071321105957031250e+01 4.720000076293945312e+01
1.065778961181640625e+02 6.109460449218750000e+01 4.720000076293945312e+01
1.066423797607421875e+02 6.147640991210937500e+01 4.720000076293945312e+01
1.067059631347656250e+02 6.185854339599609375e+01 4.720000076293945312e+01
1.067688140869140625e+02 6.224092102050781250e+01 4.720000076293945312e+01
1.068310852050781250e+02 6.262345886230468750e+01 4.720000076293945312e+01
1.068929519653320312e+02 6.300607681274414062e+01 4.720000076293945312e+01
1.069545822143554688e+02 6.338868331909179688e+01 4.720000076293945312e+01
1.070161437988281250e+02 6.377119827270507812e+01 4.720000076293945312e+01
1.070777969360351562e+02 6.415354156494140625e+01 4.720000076293945312e+01
1.071397247314453125e+02 6.453562164306640625e+01 4.720000076293945312e+01
1.072020721435546875e+02 6.491735839843750000e+01 4.720000076293945312e+01
1.072650222778320312e+02 6.529866790771484375e+01 4.720000076293945312e+01
1.073287429809570312e+02 6.567947387695312500e+01 4.720000076293945312e+01
1.073933868408203125e+02 6.605967712402343750e+01 4.720000076293945312e+01
1.074591369628906250e+02 6.643920135498046875e+01 4.720000076293945312e+01
1.075261535644531250e+02 6.681796264648437500e+01 4.720000076293945312e+01
1.075946044921875000e+02 6.719587707519531250e+01 4.720000076293945312e+01
1.076646575927734375e+02 6.757286071777343750e+01 4.720000076293945312e+01
1.077364730834960938e+02 6.794882965087890625e+01 4.720000076293945312e+01
1.078102264404296875e+02 6.832369995117187500e+01 4.720000076293945312e+01
1.078860855102539062e+02 6.869738769531250000e+01 4.720000076293945312e+01
1.079642181396484375e+02 6.906980895996093750e+01 4.720000076293945312e+01
1.080447769165039062e+02 6.944087982177734375e+01 4.720000076293945312e+01
1.081279525756835938e+02 6.981050872802734375e+01 4.720000076293945312e+01
1.082138900756835938e+02 7.017862701416015625e+01 4.720000076293945312e+01
1.083027725219726562e+02 7.054514312744140625e+01 4.720000076293945312e+01
1.083947525024414062e+02 7.090996551513671875e+01 4.720000076293945312e+01
1.084900131225585938e+02 7.127302551269531250e+01 4.720000076293945312e+01
1.085887069702148438e+02 7.163422393798828125e+01 4.720000076293945312e+01
1.086910171508789062e+02 7.199348449707031250e+01 4.720000076293945312e+01
1.087970962524414062e+02 7.235072326660156250e+01 4.720000076293945312e+01
1.089071197509765625e+02 7.270585632324218750e+01 4.720000076293945312e+01
1.090212478637695312e+02 7.305879974365234375e+01 4.720000076293945312e+01
1.091396560668945312e+02 7.340946960449218750e+01 4.720000076293945312e+01
1.092625045776367188e+02 7.375778198242187500e+01 4.720000076293945312e+01
1.093899612426757812e+02 7.410364532470703125e+01 4.720000076293945312e+01
1.095221939086914062e+02 7.444699096679687500e+01 4.720000076293945312e+01
1.096593780517578125e+02 7.478771972656250000e+01 4.720000076293945312e+01
1.098016738891601562e+02 7.512575531005859375e+01 4.720000076293945312e+01
1.099492416381835938e+02 7.546101379394531250e+01 4.720000076293945312e+01
1.101022567749023438e+02 7.579341125488281250e+01 4.720000076293945312e+01
1.102608871459960938e+02 7.612286376953125000e+01 4.720000076293945312e+01
1.104253692626953125e+02 7.644924163818359375e+01 4.720000076293945312e+01
1.105995788574218750e+02 7.677039337158203125e+01 4.720000076293945312e+01
1.107852859497070312e+02 7.708529663085937500e+01 4.720000076293945312e+01
1.109819946289062500e+02 7.739424133300781250e+01 4.720000076293945312e+01
1.111891937255859375e+02 7.769748687744140625e+01 4.720000076293945312e+01
1.114063720703125000e+02 7.799532318115234375e+01 4.720000076293945312e+01
1.116330261230468750e+02 7.828800201416015625e+01 4.720000076293945312e+01
1.118686447143554688e+02 7.857581329345703125e+01 4.720000076293945312e+01
1.121127166748046875e+02 7.885902404785156250e+01 4.720000076293945312e+01
1.123647460937500000e+02 7.913790893554687500e+01 4.720000076293945312e+01
1.126242141723632812e+02 7.941273498535156250e+01 4.720000076293945312e+01
1.128906173706054688e+02 7.968378448486328125e+01 4.720000076293945312e+01
1.131634445190429688e+02 7.995132446289062500e+01 4.720000076293945312e+01
1.134421920776367188e+02 8.021563720703125000e+01 4.720000076293945312e+01
1.137263488769531250e+02 8.047698211669921875e+01 4.720000076293945312e+01
1.140154113769531250e+02 8.073564147949218750e+01 4.720000076293945312e+01
1.143088760375976562e+02 8.099188995361328125e+01 4.720000076293945312e+01
1.146062164306640625e+02 8.124599456787109375e+01 4.720000076293945312e+01
1.149069442749023438e+02 8.149822998046875000e+01 4.720000076293945312e+01
1.152105407714843750e+02 8.174887084960937500e+01 4.720000076293945312e+01
1.155165023803710938e+02 8.199819183349609375e+01 4.720000076293945312e+01
1.158243179321289062e+02 8.224645996093750000e+01 4.720000076293945312e+01
1.161334838867187500e+02 8.249395751953125000e+01 4.720000076293945312e+01
1.164434890747070312e+02 8.274095153808593750e+01 4.720000076293945312e+01
1.167538223266601562e+02 8.298771667480468750e+01 4.720000076293945312e+01
1.170639877319335938e+02 8.323452758789062500e+01 4.720000076293945312e+01
1.173734664916992188e+02 8.348165893554687500e+01 4.720000076293945312e+01
1.176817550659179688e+02 8.372937774658203125e+01 4.720000076293945312e+01
1.179883499145507812e+02 8.397795867919921875e+01 4.720000076293945312e+01
1.182927322387695312e+02 8.422767639160156250e+01 4.720000076293945312e+01
1.185943984985351562e+02 8.447880554199218750e+01 4.720000076293945312e+01
1.188928527832031250e+02 8.473162078857421875e+01 4.720000076293945312e+01
1.191875686645507812e+02 8.498638916015625000e+01 4.720000076293945312e+01
1.194780502319335938e+02 8.524339294433593750e+01 4.720000076293945312e+01
1.197637786865234375e+02 8.550289916992187500e+01 4.720000076293945312e+01
1.200442581176757812e+02 8.576517486572265625e+01 4.720000076293945312e+01
1.203189773559570312e+02 8.603050994873046875e+01 4.720000076293945312e+01
1.205874328613281250e+02 8.629916381835937500e+01 4.720000076293945312e+01
1.208491058349609375e+02 8.657141113281250000e+01 4.720000076293945312e+01
1.211034927368164062e+02 8.684752655029296875e+01 4.720000076293945312e+01
1.213500900268554688e+02 8.712778472900390625e+01 4.720000076293945312e+01
1.215883865356445312e+02 8.741246795654296875e+01 4.720000076293945312e+01
1.218178710937500000e+02 8.770182800292968750e+01 4.720000076293945312e+01
1.220380401611328125e+02 8.799615478515625000e+01 4.720000076293945312e+01
1.222483901977539062e+02 8.829572296142578125e+01 4.720000076293945312e+01
1.224484024047851562e+02 8.860079193115234375e+01 4.720000076293945312e+01
1.226375808715820312e+02 8.891164398193359375e+01 4.720000076293945312e+01
1.228154296875000000e+02 8.922861480712890625e+01 4.720000076293945312e+01
1.229851226806640625e+02 8.956077575683593750e+01 4.720000076293945312e+01
1.231491699218750000e+02 8.991349792480468750e+01 4.720000076293945312e+01
1.233076629638671875e+02 9.028540802001953125e+01 4.720000076293945312e+01
1.234606781005859375e+02 9.067514038085937500e+01 4.720000076293945312e+01
1.236082916259765625e+02 9.108133697509765625e+01 4.720000076293945312e+01
1.237505950927734375e+02 9.150262451171875000e+01 4.720000076293945312e+01
1.238876495361328125e+02 9.193762969970703125e+01 4.720000076293945312e+01
1.240195465087890625e+02 9.238498687744140625e+01 4.720000076293945312e+01
1.241463623046875000e+02 9.284333038330078125e+01 4.720000076293945312e+01
1.242681732177734375e+02 9.331129455566406250e+01 4.720000076293945312e+01
1.243850631713867188e+02 9.378751373291015625e+01 4.720000076293945312e+01
1.244971084594726562e+02 9.427061462402343750e+01 4.720000076293945312e+01
1.246043853759765625e+02 9.475923156738281250e+01 4.720000076293945312e+01
1.247069778442382812e+02 9.525199890136718750e+01 4.720000076293945312e+01
1.248049621582031250e+02 9.574755096435546875e+01 4.720000076293945312e+01
1.248984222412109375e+02 9.624450683593750000e+01 4.720000076293945312e+01
1.249874343872070312e+02 9.674151611328125000e+01 4.720000076293945312e+01
1.250720825195312500e+02 9.723720550537109375e+01 4.720000076293945312e+01
1.251524353027343750e+02 9.773020935058593750e+01 4.720000076293945312e+01
1.252285766601562500e+02 9.821914672851562500e+01 4.720000076293945312e+01
1.253005905151367188e+02 9.870266723632812500e+01 4.720000076293945312e+01
1.253685531616210938e+02 9.917939758300781250e+01 4.720000076293945312e+01
1.254325408935546875e+02 9.964796447753906250e+01 4.720000076293945312e+01
1.254926300048828125e+02 1.001070098876953125e+02 4.720000076293945312e+01
1.255489120483398438e+02 1.005551605224609375e+02 4.720000076293945312e+01
1.256014556884765625e+02 1.009910430908203125e+02 4.720000076293945312e+01
1.256503448486328125e+02 1.014133071899414062e+02 4.720000076293945312e+01
1.256956558227539062e+02 1.018205642700195312e+02 4.720000076293945312e+01
1.257374725341796875e+02 1.022114639282226562e+02 4.720000076293945312e+01
1.257758636474609375e+02 1.025846328735351562e+02 4.720000076293945312e+01
1.258109207153320312e+02 1.029386978149414062e+02 4.720000076293945312e+01
1.258427200317382812e+02 1.032723007202148438e+02 4.720000076293945312e+01
1.258713378906250000e+02 1.035840682983398438e+02 4.720000076293945312e+01
1.258968505859375000e+02 1.038726348876953125e+02 4.720000076293945312e+01
1.259193420410156250e+02 1.041366271972656250e+02 4.720000076293945312e+01
1.259388961791992188e+02 1.043746871948242188e+02 4.720000076293945312e+01
1.259555816650390625e+02 1.045854415893554688e+02 4.720000076293945312e+01
1.259694824218750000e+02 1.047675247192382812e+02 4.720000076293945312e+01
1.259806823730468750e+02 1.049195709228515625e+02 4.720000076293945312e+01
1.259892501831054688e+02 1.050402069091796875e+02 4.720000076293945312e+01
1.259952774047851562e+02 1.051280670166015625e+02 4.720000076293945312e+01
1.259988327026367188e+02 1.051817855834960938e+02 4.720000076293945312e+01
1.260000000000000000e+02 1.051999969482421875e+02 4.720000076293945312e+01
