2.520000076293945312e+01 1.004000015258789062e+02 4.600009918212890625e+01
2.520161247253417969e+01 1.003835983276367188e+02 4.600009918212890625e+01
2.520646667480468750e+01 1.003350906372070312e+02 4.600009918212890625e+01
2.521460151672363281e+01 1.002555618286132812e+02 4.600009918212890625e+01
2.522605133056640625e+01 1.001460876464843750e+02 4.600009918212890625e+01
2.524084854125976562e+01 1.000077285766601562e+02 4.600009918212890625e+01
2.525902938842773438e+01 9.984156799316406250e+01 4.600009918212890625e+01
2.528062820434570312e+01 9.964868164062500000e+01 4.600009918212890625e+01
2.530568122863769531e+01 9.943013000488281250e+01 4.600009918212890625e+01
2.533421897888183594e+01 9.918700408935546875e+01 4.600009918212890625e+01
2.536627960205078125e+01 9.892036437988281250e+01 4.600009918212890625e+01
2.540189743041992188e+01 9.863129425048828125e+01 4.600009918212890625e+01
2.544110488891601562e+01 9.832085418701171875e+01 4.600009918212890625e+01
2.548393821716308594e+01 9.799012756347656250e+01 4.600009918212890625e+01
2.553043174743652344e+01 9.764019012451171875e+01 4.600009918212890625e+01
2.558062171936035156e+01 9.727210235595703125e+01 4.600009918212890625e+01
2.563454055786132812e+01 9.688695526123046875e+01 4.600009918212890625e+01
2.569222259521484375e+01 9.648580932617187500e+01 4.600009918212890625e+01
2.575370407104492188e+01 9.606974029541015625e+01 4.600009918212890625e+01
2.581902122497558594e+01 9.563982391357421875e+01 4.600009918212890625e+01
2.588820457458496094e+01 9.519712829589843750e+01 4.600009918212890625e+01
2.596129035949707031e+01 9.474273681640625000e+01 4.600009918212890625e+01
2.603831291198730469e+01 9.427771759033203125e+01 4.600009918212890625e+01
2.611930847167968750e+01 9.380314636230468750e+01 4.600009918212890625e+01
2.620431137084960938e+01 9.332009124755859375e+01 4.600009918212890625e+01
2.629335594177246094e+01 9.282962799072265625e+01 4.600009918212890625e+01
2.638647460937500000e+01 9.233283233642578125e+01 4.600009918212890625e+01
2.648370552062988281e+01 9.183078002929687500e+01 4.600009918212890625e+01
2.658507919311523438e+01 9.132453918457031250e+01 4.600009918212890625e+01
2.669063568115234375e+01 9.081518554687500000e+01 4.600009918212890625e+01
2.680040359497070312e+01 9.030379486083984375e+01 4.600009918212890625e+01
2.691442298889160156e+01 8.979143524169921875e+01 4.600009918212890625e+01
2.703272628784179688e+01 8.927918243408203125e+01 4.600009918212890625e+01
2.715534591674804688e+01 8.876811218261718750e+01 4.600009918212890625e+01
2.728232002258300781e+01 8.825930023193359375e+01 4.600009918212890625e+01
2.741368103027343750e+01 8.775380706787109375e+01 4.600009918212890625e+01
2.754946517944335938e+01 8.725272369384765625e+01 4.600009918212890625e+01
2.768970489501953125e+01 8.675711059570312500e+01 4.600009918212890625e+01
2.783443641662597656e+01 8.626805114746093750e+01 4.600009918212890625e+01
2.798369407653808594e+01 8.578660583496093750e+01 4.600009918212890625e+01
2.813751411437988281e+01 8.531386566162109375e+01 4.600009918212890625e+01
2.829592704772949219e+01 8.485088348388671875e+01 4.600009918212890625e+01
2.845897102355957031e+01 8.439875030517578125e+01 4.600009918212890625e+01
2.862668037414550781e+01 8.395853424072265625e+01 4.600009918212890625e+01
2.879908943176269531e+01 8.353130340576171875e+01 4.600009918212890625e+01
2.897623062133789062e+01 8.311814117431640625e+01 4.600009918212890625e+01
2.915814018249511719e+01 8.272011566162109375e+01 4.600009918212890625e+01
2.934485435485839844e+01 8.233829498291015625e+01 4.600009918212890625e+01
2.953640556335449219e+01 8.197376251220703125e+01 4.600009918212890625e+01
2.973283004760742188e+01 8.162758636474609375e+01 4.600009918212890625e+01
2.993416213989257812e+01 8.130083465576171875e+01 4.600009918212890625e+01
3.014185905456542969e+01 8.099148559570312500e+01 4.600009918212890625e+01
3.036019515991210938e+01 8.069027709960937500e+01 4.600009918212890625e+01
3.058908843994140625e+01 8.039624786376953125e+01 4.600009918212890625e+01
3.082812118530273438e+01 8.010910034179687500e+01 4.600009918212890625e+01
3.107688140869140625e+01 7.982855224609375000e+01 4.600009918212890625e+01
3.133495521545410156e+01 7.955430603027343750e+01 4.600009918212890625e+01
3.160193061828613281e+01 7.928608703613281250e+01 4.600009918212890625e+01
3.187739181518554688e+01 7.902360534667968750e+01 4.600009918212890625e+01
3.216092681884765625e+01 7.876656341552734375e+01 4.600009918212890625e+01
3.245212173461914062e+01 7.851467132568359375e+01 4.600009918212890625e+01
3.275056076049804688e+01 7.826765441894531250e+01 4.600009918212890625e+01
3.305583572387695312e+01 7.802520751953125000e+01 4.600009918212890625e+01
3.336752700805664062e+01 7.778705596923828125e+01 4.600009918212890625e+01
3.368522262573242188e+01 7.755290985107421875e+01 4.600009918212890625e+01
3.400851440429687500e+01 7.732247161865234375e+01 4.600009918212890625e+01
3.433698272705078125e+01 7.709545898437500000e+01 4.600009918212890625e+01
3.467021560668945312e+01 7.687158203125000000e+01 4.600009918212890625e+01
3.500779724121093750e+01 7.665055847167968750e+01 4.600009918212890625e+01
3.534931945800781250e+01 7.643209075927734375e+01 4.600009918212890625e+01
3.569436645507812500e+01 7.621588897705078125e+01 4.600009918212890625e+01
3.604252243041992188e+01 7.600167846679687500e+01 4.600009918212890625e+01
3.639337539672851562e+01 7.578915405273437500e+01 4.600009918212890625e+01
3.674651336669921875e+01 7.557804107666015625e+01 4.600009918212890625e+01
3.710152053833007812e+01 7.536804199218750000e+01 4.600009918212890625e+01
3.745798110961914062e+01 7.515887451171875000e+01 4.600009918212890625e+01
3.781548690795898438e+01 7.495024871826171875e+01 4.600009918212890625e+01
3.817362213134765625e+01 7.474186706542968750e+01 4.600009918212890625e+01
3.853197097778320312e+01 7.453345489501953125e+01 4.600009918212890625e+01
3.889012527465820312e+01 7.432471466064453125e+01 4.600009918212890625e+01
3.924766540527343750e+01 7.411536407470703125e+01 4.600009918212890625e+01
3.960417938232421875e+01 7.390510559082031250e+01 4.600009918212890625e+01
3.995925903320312500e+01 7.369365692138671875e+01 4.600009918212890625e+01
4.031248092651367188e+01 7.348073577880859375e+01 4.600009918212890625e+01
4.066344070434570312e+01 7.326604461669921875e+01 4.600009918212890625e+01
4.101172256469726562e+01 7.304929351806640625e+01 4.600009918212890625e+01
4.135690689086914062e+01 7.283020019531250000e+01 4.600009918212890625e+01
4.169858932495117188e+01 7.260847473144531250e+01 4.600009918212890625e+01
4.203635025024414062e+01 7.238383483886718750e+01 4.600009918212890625e+01
4.236977767944335938e+01 7.215597534179687500e+01 4.600009918212890625e+01
4.269845581054687500e+01 7.192462158203125000e+01 4.600009918212890625e+01
4.302197647094726562e+01 7.168947601318359375e+01 4.600009918212890625e+01
4.333992004394531250e+01 7.145026397705078125e+01 4.600009918212890625e+01
4.365187835693359375e+01 7.120668029785156250e+01 4.600009918212890625e+01
4.395743179321289062e+01 7.095845031738281250e+01 4.600009918212890625e+01
4.425617218017578125e+01 7.070527648925781250e+01 4.600009918212890625e+01
4.454768371582031250e+01 7.044687652587890625e+01 4.600009918212890625e+01
4.483155441284179688e+01 7.018296051025390625e+01 4.600009918212890625e+01
4.510736846923828125e+01 6.991323089599609375e+01 4.600009918212890625e+01
4.537471389770507812e+01 6.963741302490234375e+01 4.600009918212890625e+01
4.563317871093750000e+01 6.935520935058593750e+01 4.600009918212890625e+01
4.588234329223632812e+01 6.906633758544921875e+01 4.600009918212890625e+01
4.612179946899414062e+01 6.877050781250000000e+01 4.600009918212890625e+01
4.635113143920898438e+01 6.846742248535156250e+01 4.600009918212890625e+01
4.657157135009765625e+01 6.815796661376953125e+01 4.600009918212890625e+01
4.678660202026367188e+01 6.784460449218750000e+01 4.600009918212890625e+01
4.699650192260742188e+01 6.752751922607421875e+01 4.600009918212890625e+01
4.720141220092773438e+01 6.720682525634765625e+01 4.600009918212890625e+01
4.740147399902343750e+01 6.688260650634765625e+01 4.600009918212890625e+01
4.759683609008789062e+01 6.655497741699218750e+01 4.600009918212890625e+01
4.778763580322265625e+01 6.622403717041015625e+01 4.600009918212890625e+01
4.797402572631835938e+01 6.588987731933593750e+01 4.600009918212890625e+01
4.815614318847656250e+01 6.555261230468750000e+01 4.600009918212890625e+01
4.833413696289062500e+01 6.521232604980468750e+01 4.600009918212890625e+01
4.850814819335937500e+01 6.486913299560546875e+01 4.600009918212890625e+01
4.867832565307617188e+01 6.452312469482421875e+01 4.600009918212890625e+01
4.884480667114257812e+01 6.417440795898437500e+01 4.600009918212890625e+01
4.900773620605468750e+01 6.382307815551757812e+01 4.600009918212890625e+01
4.916726303100585938e+01 6.346923828125000000e+01 4.600009918212890625e+01
4.932352828979492188e+01 6.311299133300781250e+01 4.600009918212890625e+01
4.947667694091796875e+01 6.275443267822265625e+01 4.600009918212890625e+01
4.962685394287109375e+01 6.239366912841796875e+01 4.600009918212890625e+01
4.977420043945312500e+01 6.203079986572265625e+01 4.600009918212890625e+01
4.991886138916015625e+01 6.166592025756835938e+01 4.600009918212890625e+01
5.006098556518554688e+01 6.129913711547851562e+01 4.600009918212890625e+01
5.020071029663085938e+01 6.093054580688476562e+01 4.600009918212890625e+01
5.033818435668945312e+01 6.056025314331054688e+01 4.600009918212890625e+01
5.047354888916015625e+01 6.018835449218750000e+01 4.600009918212890625e+01
5.060694885253906250e+01 5.981495285034179688e+01 4.600009918212890625e+01
5.073852920532226562e+01 5.944014739990234375e+01 4.600009918212890625e+01
5.086843490600585938e+01 5.906403732299804688e+01 4.600009918212890625e+01
5.099680709838867188e+01 5.868672943115234375e+01 4.600009918212890625e+01
5.112379074096679688e+01 5.830831527709960938e+01 4.600009918212890625e+01
5.124953079223632812e+01 5.792890548706054688e+01 4.600009918212890625e+01
5.137417221069335938e+01 5.754859542846679688e+01 4.600009918212890625e+01
5.149785995483398438e+01 5.716748428344726562e+01 4.600009918212890625e+01
5.162073516845703125e+01 5.678567123413085938e+01 4.600009918212890625e+01
5.174294281005859375e+01 5.640326309204101562e+01 4.600009918212890625e+01
5.186462783813476562e+01 5.602035903930664062e+01 4.600009918212890625e+01
5.198593139648437500e+01 5.563705444335937500e+01 4.600009918212890625e+01
5.210700225830078125e+01 5.525345611572265625e+01 4.600009918212890625e+01
5.222798156738281250e+01 5.486966323852539062e+01 4.600009918212890625e+01
5.234901428222656250e+01 5.448577117919921875e+01 4.600009918212890625e+01
5.247024536132812500e+01 5.410188674926757812e+01 4.600009918212890625e+01
5.259181594848632812e+01 5.371810913085937500e+01 4.600009918212890625e+01
5.271387481689453125e+01 5.333453750610351562e+01 4.600009918212890625e+01
5.283655929565429688e+01 5.295127105712890625e+01 4.600009918212890625e+01
5.296001815795898438e+01 5.256841659545898438e+01 4.600009918212890625e+01
5.308439636230468750e+01 5.218606948852539062e+01 4.600009918212890625e+01
5.320983886718750000e+01 5.180432891845703125e+01 4.600009918212890625e+01
5.333648300170898438e+01 5.142330169677734375e+01 4.600009918212890625e+01
5.346448135375976562e+01 5.104307937622070312e+01 4.600009918212890625e+01
5.359397125244140625e+01 5.066377258300781250e+01 4.600009918212890625e+01
5.372509765625000000e+01 5.028547668457031250e+01 4.600009918212890625e+01
5.385800933837890625e+01 4.990829086303710938e+01 4.600009918212890625e+01
5.399284744262695312e+01 4.953232192993164062e+01 4.600009918212890625e+01
5.412975692749023438e+01 4.915766143798828125e+01 4.600009918212890625e+01
5.426887893676757812e+01 4.878442001342773438e+01 4.600009918212890625e+01
5.441036224365234375e+01 4.841268920898437500e+01 4.600009918212890625e+01
5.455434417724609375e+01 4.804257583618164062e+01 4.600009918212890625e+01
5.470097732543945312e+01 4.767417526245117188e+01 4.600009918212890625e+01
5.485039901733398438e+01 4.730759429931640625e+01 4.600009918212890625e+01
5.500275802612304688e+01 4.694292831420898438e+01 4.600009918212890625e+01
5.515819549560546875e+01 4.658028030395507812e+01 4.600009918212890625e+01
5.531685638427734375e+01 4.621975326538085938e+01 4.600009918212890625e+01
5.547888183593750000e+01 4.586144256591796875e+01 4.600009918212890625e+01
5.564426803588867188e+01 4.550528717041015625e+01 4.600009918212890625e+01
5.581007385253906250e+01 4.514820861816406250e+01 4.600009918212890625e+01
5.597526550292968750e+01 4.478914642333984375e+01 4.600009918212890625e+01
5.613998031616210938e+01 4.442830657958984375e+01 4.600009918212890625e+01
5.630436325073242188e+01 4.406587982177734375e+01 4.600009918212890625e+01
5.646856307983398438e+01 4.370206832885742188e+01 4.600009918212890625e+01
5.663272094726562500e+01 4.333706665039062500e+01 4.600009918212890625e+01
5.679698181152343750e+01 4.297107315063476562e+01 4.600009918212890625e+01
5.696149063110351562e+01 4.260428237915039062e+01 4.600009918212890625e+01
5.712639236450195312e+01 4.223690032958984375e+01 4.600009918212890625e+01
5.729183197021484375e+01 4.186911773681640625e+01 4.600009918212890625e+01
5.745795059204101562e+01 4.150112915039062500e+01 4.600009918212890625e+01
5.762489700317382812e+01 4.113314056396484375e+01 4.600009918212890625e+01
5.779281616210937500e+01 4.076534652709960938e+01 4.600009918212890625e+01
5.796184921264648438e+01 4.039794158935546875e+01 4.600009918212890625e+01
5.813214111328125000e+01 4.003112411499023438e+01 4.600009918212890625e+01
5.830384063720703125e+01 3.966509246826171875e+01 4.600009918212890625e+01
5.847708511352539062e+01 3.930004501342773438e+01 4.600009918212890625e+01
5.865202713012695312e+01 3.893618011474609375e+01 4.600009918212890625e+01
5.882880783081054688e+01 3.857369232177734375e+01 4.600009918212890625e+01
5.900756835937500000e+01 3.821277999877929688e+01 4.600009918212890625e+01
5.918845748901367188e+01 3.785364151000976562e+01 4.600009918212890625e+01
5.937162017822265625e+01 3.749647140502929688e+01 4.600009918212890625e+01
5.955719757080078125e+01 3.714147567749023438e+01 4.600009918212890625e+01
5.974533843994140625e+01 3.678884124755859375e+01 4.600009918212890625e+01
5.993618392944335938e+01 3.643877410888671875e+01 4.600009918212890625e+01
6.012987899780273438e+01 3.609146499633789062e+01 4.600009918212890625e+01
6.032657241821289062e+01 3.574711608886718750e+01 4.600009918212890625e+01
6.052640151977539062e+01 3.540592193603515625e+01 4.600009918212890625e+01
6.072951889038085938e+01 3.506808471679687500e+01 4.600009918212890625e+01
6.093606185913085938e+01 3.473379516601562500e+01 4.600009918212890625e+01
6.114617538452148438e+01 3.440325546264648438e+01 4.600009918212890625e+01
6.136001205444335938e+01 3.407666015625000000e+01 4.600009918212890625e+01
6.157770919799804688e+01 3.375421142578125000e+01 4.600009918212890625e+01
6.179941177368164062e+01 3.343610382080078125e+01 4.600009918212890625e+01
6.202526855468750000e+01 3.312253570556640625e+01 4.600009918212890625e+01
6.225542068481445312e+01 3.281370162963867188e+01 4.600009918212890625e+01
6.249001312255859375e+01 3.250980377197265625e+01 4.600009918212890625e+01
6.272919082641601562e+01 3.221103286743164062e+01 4.600009918212890625e+01
6.297309875488281250e+01 3.191759490966796875e+01 4.600009918212890625e+01
6.322188186645507812e+01 3.162968254089355469e+01 4.600009918212890625e+01
6.347568511962890625e+01 3.134749221801757812e+01 4.600009918212890625e+01
6.373464965820312500e+01 3.107122611999511719e+01 4.600009918212890625e+01
6.399892044067382812e+01 3.080107688903808594e+01 4.600009918212890625e+01
6.426987457275390625e+01 3.053368759155273438e+01 4.600009918212890625e+01
6.454860687255859375e+01 3.026576805114746094e+01 4.600009918212890625e+01
6.483480834960937500e+01 2.999771881103515625e+01 4.600009918212890625e+01
6.512817382812500000e+01 2.972993278503417969e+01 4.600009918212890625e+01
6.542841339111328125e+01 2.946280479431152344e+01 4.600009918212890625e+01
6.573520660400390625e+01 2.919673347473144531e+01 4.600009918212890625e+01
6.604826354980468750e+01 2.893211364746093750e+01 4.600009918212890625e+01
6.636727142333984375e+01 2.866934204101562500e+01 4.600009918212890625e+01
6.669192504882812500e+01 2.840881347656250000e+01 4.600009918212890625e+01
6.702193450927734375e+01 2.815092468261718750e+01 4.600009918212890625e+01
6.735697937011718750e+01 2.789607238769531250e+01 4.600009918212890625e+01
6.769676971435546875e+01 2.764464950561523438e+01 4.600009918212890625e+01
6.804100036621093750e+01 2.739705467224121094e+01 4.600009918212890625e+01
6.838935852050781250e+01 2.715368461608886719e+01 4.600009918212890625e+01
6.874154663085937500e+01 2.691493225097656250e+01 4.600009918212890625e+01
6.909726715087890625e+01 2.668119430541992188e+01 4.600009918212890625e+01
6.945619964599609375e+01 2.645286941528320312e+01 4.600009918212890625e+01
6.981806182861328125e+01 2.623035049438476562e+01 4.600009918212890625e+01
7.018253326416015625e+01 2.601403427124023438e+01 4.600009918212890625e+01
7.054931640625000000e+01 2.580431747436523438e+01 4.600009918212890625e+01
7.091811370849609375e+01 2.560159683227539062e+01 4.600009918212890625e+01
7.128861236572265625e+01 2.540626525878906250e+01 4.600009918212890625e+01
7.166051483154296875e+01 2.521872138977050781e+01 4.600009918212890625e+01
7.203350830078125000e+01 2.503936004638671875e+01 4.600009918212890625e+01
7.240730285644531250e+01 2.486857795715332031e+01 4.600009918212890625e+01
7.278158569335937500e+01 2.470676994323730469e+01 4.600009918212890625e+01
7.315605926513671875e+01 2.455433273315429688e+01 4.600009918212890625e+01
7.353041076660156250e+01 2.441166305541992188e+01 4.600009918212890625e+01
7.390435028076171875e+01 2.427915382385253906e+01 4.600009918212890625e+01
7.427756500244140625e+01 2.415720558166503906e+01 4.600009918212890625e+01
7.464974975585937500e+01 2.404621124267578125e+01 4.600009918212890625e+01
7.502060699462890625e+01 2.394656562805175781e+01 4.600009918212890625e+01
7.538983154296875000e+01 2.385866737365722656e+01 4.600009918212890625e+01
7.575711059570312500e+01 2.378291130065917969e+01 4.600009918212890625e+01
7.612216186523437500e+01 2.371969413757324219e+01 4.600009918212890625e+01
7.648465728759765625e+01 2.366941070556640625e+01 4.600009918212890625e+01
7.684431457519531250e+01 2.363245773315429688e+01 4.600009918212890625e+01
7.720081329345703125e+01 2.360923194885253906e+01 4.600009918212890625e+01
7.755386352539062500e+01 2.360012626647949219e+01 4.600009918212890625e+01
7.790655517578125000e+01 2.360437202453613281e+01 4.600009918212890625e+01
7.826409149169921875e+01 2.362009048461914062e+01 4.600009918212890625e+01
7.862619018554687500e+01 2.364701080322265625e+01 4.600009918212890625e+01
7.899248504638671875e+01 2.368488502502441406e+01 4.600009918212890625e+01
7.936260223388671875e+01 2.373346710205078125e+01 4.600009918212890625e+01
7.973618316650390625e+01 2.379251098632812500e+01 4.600009918212890625e+01
8.011286163330078125e+01 2.386176872253417969e+01 4.600009918212890625e+01
8.049227142333984375e+01 2.394099617004394531e+01 4.600009918212890625e+01
8.087403869628906250e+01 2.402994346618652344e+01 4.600009918212890625e+01
8.125781250000000000e+01 2.412836837768554688e+01 4.600009918212890625e+01
8.164321899414062500e+01 2.423602104187011719e+01 4.600009918212890625e+01
8.202989196777343750e+01 2.435265541076660156e+01 4.600009918212890625e+01
8.241746520996093750e+01 2.447802543640136719e+01 4.600009918212890625e+01
8.280557250976562500e+01 2.461188507080078125e+01 4.600009918212890625e+01
8.319384765625000000e+01 2.475398635864257812e+01 4.600009918212890625e+01
8.358193206787109375e+01 2.490408325195312500e+01 4.600009918212890625e+01
8.396945190429687500e+01 2.506193161010742188e+01 4.600009918212890625e+01
8.435604858398437500e+01 2.522728157043457031e+01 4.600009918212890625e+01
8.474134826660156250e+01 2.539988708496093750e+01 4.600009918212890625e+01
8.512498474121093750e+01 2.557950210571289062e+01 4.600009918212890625e+01
8.550660705566406250e+01 2.576588249206542969e+01 4.600009918212890625e+01
8.588583374023437500e+01 2.595877647399902344e+01 4.600009918212890625e+01
8.626229858398437500e+01 2.615794181823730469e+01 4.600009918212890625e+01
8.663565063476562500e+01 2.636313247680664062e+01 4.600009918212890625e+01
8.700550842285156250e+01 2.657409667968750000e+01 4.600009918212890625e+01
8.737151336669921875e+01 2.679059410095214844e+01 4.600009918212890625e+01
8.773329925537109375e+01 2.701237487792968750e+01 4.600009918212890625e+01
8.809049987792968750e+01 2.723919105529785156e+01 4.600009918212890625e+01
8.844274902343750000e+01 2.747080039978027344e+01 4.600009918212890625e+01
8.878968048095703125e+01 2.770695114135742188e+01 4.600009918212890625e+01
8.913093566894531250e+01 2.794740104675292969e+01 4.600009918212890625e+01
8.946614074707031250e+01 2.819190216064453125e+01 4.600009918212890625e+01
8.979492187500000000e+01 2.844020843505859375e+01 4.600009918212890625e+01
9.011693572998046875e+01 2.869207191467285156e+01 4.600009918212890625e+01
9.043179321289062500e+01 2.894724655151367188e+01 4.600009918212890625e+01
9.073915100097656250e+01 2.920548629760742188e+01 4.600009918212890625e+01
9.103861999511718750e+01 2.946654510498046875e+01 4.600009918212890625e+01
9.132984924316406250e+01 2.973017311096191406e+01 4.600009918212890625e+01
9.161247253417968750e+01 2.999612808227539062e+01 4.600009918212890625e+01
9.188612365722656250e+01 3.026416206359863281e+01 4.600009918212890625e+01
9.215042877197265625e+01 3.053402709960937500e+01 4.600009918212890625e+01
9.240502929687500000e+01 3.080548095703125000e+01 4.600009918212890625e+01
9.265116882324218750e+01 3.108129501342773438e+01 4.600009918212890625e+01
9.289035034179687500e+01 3.136403656005859375e+01 4.600009918212890625e+01
9.312279510498046875e+01 3.165348625183105469e+01 4.600009918212890625e+01
9.334870910644531250e+01 3.194942665100097656e+01 4.600009918212890625e+01
9.356829833984375000e+01 3.225163650512695312e+01 4.600009918212890625e+01
9.378178405761718750e+01 3.255989837646484375e+01 4.600009918212890625e+01
9.398937225341796875e+01 3.287399291992187500e+01 4.600009918212890625e+01
9.419127655029296875e+01 3.319370269775390625e+01 4.600009918212890625e+01
9.438771057128906250e+01 3.351880645751953125e+01 4.600009918212890625e+01
9.457887268066406250e+01 3.384909057617187500e+01 4.600009918212890625e+01
9.476499176025390625e+01 3.418432998657226562e+01 4.600009918212890625e+01
9.494626617431640625e+01 3.452431106567382812e+01 4.600009918212890625e+01
9.512290954589843750e+01 3.486881256103515625e+01 4.600009918212890625e+01
9.529513549804687500e+01 3.521761703491210938e+01 4.600009918212890625e+01
9.546315765380859375e+01 3.557050323486328125e+01 4.600009918212890625e+01
9.562718200683593750e+01 3.592725753784179688e+01 4.600009918212890625e+01
9.578742980957031250e+01 3.628765487670898438e+01 4.600009918212890625e+01
9.594409942626953125e+01 3.665148162841796875e+01 4.600009918212890625e+01
9.609740447998046875e+01 3.701851654052734375e+01 4.600009918212890625e+01
9.624756622314453125e+01 3.738854217529296875e+01 4.600009918212890625e+01
9.639478302001953125e+01 3.776133728027343750e+01 4.600009918212890625e+01
9.653927612304687500e+01 3.813668823242187500e+01 4.600009918212890625e+01
9.668125152587890625e+01 3.851436996459960938e+01 4.600009918212890625e+01
9.682092285156250000e+01 3.889416885375976562e+01 4.600009918212890625e+01
9.695849609375000000e+01 3.927586364746093750e+01 4.600009918212890625e+01
9.709419250488281250e+01 3.965923690795898438e+01 4.600009918212890625e+01
9.722821807861328125e+01 4.004407119750976562e+01 4.600009918212890625e+01
9.736077880859375000e+01 4.043014144897460938e+01 4.600009918212890625e+01
9.749209594726562500e+01 4.081723785400390625e+01 4.600009918212890625e+01
9.762237548828125000e+01 4.120513534545898438e+01 4.600009918212890625e+01
9.775182342529296875e+01 4.159361648559570312e+01 4.600009918212890625e+01
9.788066101074218750e+01 4.198246383666992188e+01 4.600009918212890625e+01
9.800909423828125000e+01 4.237145996093750000e+01 4.600009918212890625e+01
9.813733673095703125e+01 4.276038360595703125e+01 4.600009918212890625e+01
9.826559448242187500e+01 4.314901733398437500e+01 4.600009918212890625e+01
9.839408874511718750e+01 4.353713989257812500e+01 4.600009918212890625e+01
9.852301788330078125e+01 4.392453384399414062e+01 4.600009918212890625e+01
9.865260314941406250e+01 4.431098556518554688e+01 4.600009918212890625e+01
9.878305053710937500e+01 4.469626998901367188e+01 4.600009918212890625e+01
9.891457366943359375e+01 4.508016967773437500e+01 4.600009918212890625e+01
9.904738616943359375e+01 4.546246719360351562e+01 4.600009918212890625e+01
9.918169403076171875e+01 4.584294128417968750e+01 4.600009918212890625e+01
9.931771087646484375e+01 4.622137832641601562e+01 4.600009918212890625e+01
9.945565032958984375e+01 4.659755706787109375e+01 4.600009918212890625e+01
9.959571838378906250e+01 4.697125625610351562e+01 4.600009918212890625e+01
9.973812866210937500e+01 4.734226226806640625e+01 4.600009918212890625e+01
9.988309478759765625e+01 4.771035003662109375e+01 4.600009918212890625e+01
1.000306930541992188e+02 4.807543182373046875e+01 4.600009918212890625e+01
1.001769561767578125e+02 4.844116973876953125e+01 4.600009918212890625e+01
1.003200683593750000e+02 4.880927276611328125e+01 4.600009918212890625e+01
1.004601898193359375e+02 4.917961120605468750e+01 4.600009918212890625e+01
1.005974655151367188e+02 4.955207061767578125e+01 4.600009918212890625e+01
1.007320480346679688e+02 4.992653274536132812e+01 4.600009918212890625e+01
1.008640975952148438e+02 5.030287170410156250e+01 4.600009918212890625e+01
1.009937667846679688e+02 5.068097305297851562e+01 4.600009918212890625e+01
1.011212005615234375e+02 5.106071472167968750e+01 4.600009918212890625e+01
1.012465667724609375e+02 5.144197845458984375e+01 4.600009918212890625e+01
1.013700027465820312e+02 5.182464218139648438e+01 4.600009918212890625e+01
1.014916687011718750e+02 5.220858764648437500e+01 4.600009918212890625e+01
1.016117172241210938e+02 5.259369659423828125e+01 4.600009918212890625e+01
1.017303085327148438e+02 5.297984695434570312e+01 4.600009918212890625e+01
1.018475799560546875e+02 5.336692047119140625e+01 4.600009918212890625e+01
1.019636993408203125e+02 5.375479507446289062e+01 4.600009918212890625e+01
1.020788116455078125e+02 5.414335250854492188e+01 4.600009918212890625e+01
1.021930770874023438e+02 5.453247451782226562e+01 4.600009918212890625e+01
1.023066406250000000e+02 5.492203903198242188e+01 4.600009918212890625e+01
1.024196624755859375e+02 5.531192779541015625e+01 4.600009918212890625e+01
1.025322875976562500e+02 5.570202255249023438e+01 4.600009918212890625e+01
1.026446762084960938e+02 5.609219741821289062e+01 4.600009918212890625e+01
1.027569732666015625e+02 5.648233795166015625e+01 4.600009918212890625e+01
1.028693466186523438e+02 5.687232589721679688e+01 4.600009918212890625e+01
1.029819335937500000e+02 5.726203536987304688e+01 4.600009918212890625e+01
1.030949020385742188e+02 5.765135192871093750e+01 4.600009918212890625e+01
1.032083892822265625e+02 5.804015350341796875e+01 4.600009918212890625e+01
1.033225631713867188e+02 5.842832183837890625e+01 4.600009918212890625e+01
1.034375610351562500e+02 5.881573486328125000e+01 4.600009918212890625e+01
1.035535507202148438e+02 5.920227813720703125e+01 4.600009918212890625e+01
1.036706848144531250e+02 5.958782196044921875e+01 4.600009918212890625e+01
1.037891006469726562e+02 5.997225570678710938e+01 4.600009918212890625e+01
1.039089736938476562e+02 6.035545730590820312e+01 4.600009918212890625e+01
1.040304412841796875e+02 6.073730468750000000e+01 4.600009918212890625e+01
1.041536560058593750e+02 6.111767959594726562e+01 4.600009918212890625e+01
1.042787780761718750e+02 6.149646377563476562e+01 4.600009918212890625e+01
1.044059600830078125e+02 6.187353515625000000e+01 4.600009918212890625e+01
1.045353546142578125e+02 6.224877548217773438e+01 4.600009918212890625e+01
1.046671142578125000e+02 6.262206268310546875e+01 4.600009918212890625e+01
1.048013839721679688e+02 6.299327850341796875e+01 4.600009918212890625e+01
1.049383316040039062e+02 6.336230468750000000e+01 4.600009918212890625e+01
1.050781021118164062e+02 6.372902297973632812e+01 4.600009918212890625e+01
1.052208480834960938e+02 6.409330749511718750e+01 4.600009918212890625e+01
1.053667297363281250e+02 6.445503997802734375e+01 4.600009918212890625e+01
1.055158843994140625e+02 6.481410980224609375e+01 4.600009918212890625e+01
1.056684875488281250e+02 6.517037963867187500e+01 4.600009918212890625e+01
1.058246688842773438e+02 6.552375030517578125e+01 4.600009918212890625e+01
1.059845962524414062e+02 6.587408447265625000e+01 4.600009918212890625e+01
1.061484222412109375e+02 6.622127532958984375e+01 4.600009918212890625e+01
1.063162994384765625e+02 6.656519317626953125e+01 4.600009918212890625e+01
1.064883728027343750e+02 6.690572357177734375e+01 4.600009918212890625e+01
1.066648101806640625e+02 6.724274444580078125e+01 4.600009918212890625e+01
1.068457489013671875e+02 6.757614135742187500e+01 4.600009918212890625e+01
1.070313491821289062e+02 6.790579223632812500e+01 4.600009918212890625e+01
1.072217636108398438e+02 6.823157501220703125e+01 4.600009918212890625e+01
1.074171524047851562e+02 6.855336761474609375e+01 4.600009918212890625e+01
1.076176528930664062e+02 6.887105560302734375e+01 4.600009918212890625e+01
1.078234329223632812e+02 6.918450927734375000e+01 4.600009918212890625e+01
1.080346450805664062e+02 6.949362945556640625e+01 4.600009918212890625e+01
1.082514266967773438e+02 6.979827117919921875e+01 4.600009918212890625e+01
1.084744644165039062e+02 7.009793090820312500e+01 4.600009918212890625e+01
1.087105102539062500e+02 7.038728332519531250e+01 4.600009918212890625e+01
1.089610595703125000e+02 7.066515350341796875e+01 4.600009918212890625e+01
1.092254257202148438e+02 7.093207550048828125e+01 4.600009918212890625e+01
1.095028915405273438e+02 7.118860626220703125e+01 4.600009918212890625e+01
1.097927703857421875e+02 7.143528747558593750e+01 4.600009918212890625e+01
1.100943603515625000e+02 7.167265319824218750e+01 4.600009918212890625e+01
1.104069519042968750e+02 7.190126800537109375e+01 4.600009918212890625e+01
1.107298507690429688e+02 7.212165832519531250e+01 4.600009918212890625e+01
1.110623550415039062e+02 7.233438110351562500e+01 4.600009918212890625e+01
1.114037704467773438e+02 7.253997802734375000e+01 4.600009918212890625e+01
1.117533950805664062e+02 7.273899078369140625e+01 4.600009918212890625e+01
1.121105194091796875e+02 7.293197631835937500e+01 4.600009918212890625e+01
1.124744491577148438e+02 7.311946105957031250e+01 4.600009918212890625e+01
1.128444900512695312e+02 7.330200958251953125e+01 4.600009918212890625e+01
1.132199325561523438e+02 7.348015594482421875e+01 4.600009918212890625e+01
1.136000823974609375e+02 7.365444183349609375e+01 4.600009918212890625e+01
1.139842300415039062e+02 7.382542419433593750e+01 4.600009918212890625e+01
1.143716888427734375e+02 7.399363708496093750e+01 4.600009918212890625e+01
1.147617492675781250e+02 7.415962982177734375e+01 4.600009918212890625e+01
1.151537170410156250e+02 7.432395172119140625e+01 4.600009918212890625e+01
1.155468826293945312e+02 7.448714447021484375e+01 4.600009918212890625e+01
1.159405517578125000e+02 7.464974975585937500e+01 4.600009918212890625e+01
1.163340301513671875e+02 7.481231689453125000e+01 4.600009918212890625e+01
1.167266082763671875e+02 7.497538757324218750e+01 4.600009918212890625e+01
1.171175842285156250e+02 7.513951110839843750e+01 4.600009918212890625e+01
1.175062713623046875e+02 7.530522918701171875e+01 4.600009918212890625e+01
1.178919525146484375e+02 7.547309112548828125e+01 4.600009918212890625e+01
1.182739410400390625e+02 7.564363861083984375e+01 4.600009918212890625e+01
1.186515274047851562e+02 7.581742095947265625e+01 4.600009918212890625e+01
1.190240173339843750e+02 7.599497985839843750e+01 4.600009918212890625e+01
1.193907012939453125e+02 7.617685699462890625e+01 4.600009918212890625e+01
1.197508926391601562e+02 7.636360168457031250e+01 4.600009918212890625e+01
1.201038818359375000e+02 7.655576324462890625e+01 4.600009918212890625e+01
1.204489669799804688e+02 7.675387573242187500e+01 4.600009918212890625e+01
1.207854614257812500e+02 7.695849609375000000e+01 4.600009918212890625e+01
1.211126480102539062e+02 7.717015838623046875e+01 4.600009918212890625e+01
1.214298324584960938e+02 7.738941955566406250e+01 4.600009918212890625e+01
1.217363204956054688e+02 7.761681365966796875e+01 4.600009918212890625e+01
1.220314025878906250e+02 7.785289001464843750e+01 4.600009918212890625e+01
1.223143920898437500e+02 7.809819793701171875e+01 4.600009918212890625e+01
1.225845718383789062e+02 7.835327911376953125e+01 4.600009918212890625e+01
1.228412475585937500e+02 7.861867523193359375e+01 4.600009918212890625e+01
1.230837249755859375e+02 7.889493560791015625e+01 4.600009918212890625e+01
1.233112945556640625e+02 7.918260955810546875e+01 4.600009918212890625e+01
1.235232696533203125e+02 7.948223114013671875e+01 4.600009918212890625e+01
1.237216949462890625e+02 7.979479217529296875e+01 4.600009918212890625e+01
1.239168243408203125e+02 8.012201690673828125e+01 4.600009918212890625e+01
1.241096801757812500e+02 8.046350860595703125e+01 4.600009918212890625e+01
1.243002395629882812e+02 8.081869506835937500e+01 4.600009918212890625e+01
1.244884872436523438e+02 8.118697357177734375e+01 4.600009918212890625e+01
1.246743927001953125e+02 8.156777191162109375e+01 4.600009918212890625e+01
1.248579406738281250e+02 8.196050262451171875e+01 4.600009918212890625e+01
1.250391082763671875e+02 8.236456298828125000e+01 4.600009918212890625e+01
1.252178878784179688e+02 8.277938842773437500e+01 4.600009918212890625e+01
1.253942413330078125e+02 8.320438385009765625e+01 4.600009918212890625e+01
1.255681686401367188e+02 8.363896179199218750e+01 4.600009918212890625e+01
1.257396316528320312e+02 8.408253479003906250e+01 4.600009918212890625e+01
1.259086151123046875e+02 8.453452301025390625e+01 4.600009918212890625e+01
1.260751037597656250e+02 8.499433898925781250e+01 4.600009918212890625e+01
1.262390747070312500e+02 8.546139526367187500e+01 4.600009918212890625e+01
1.264005050659179688e+02 8.593509674072265625e+01 4.600009918212890625e+01
1.265593872070312500e+02 8.641487121582031250e+01 4.600009918212890625e+01
1.267156829833984375e+02 8.690013122558593750e+01 4.600009918212890625e+01
1.268693847656250000e+02 8.739028167724609375e+01 4.600009918212890625e+01
1.270204696655273438e+02 8.788474273681640625e+01 4.600009918212890625e+01
1.271689071655273438e+02 8.838292694091796875e+01 4.600009918212890625e+01
1.273146972656250000e+02 8.888424682617187500e+01 4.600009918212890625e+01
1.274578018188476562e+02 8.938812255859375000e+01 4.600009918212890625e+01
1.275982131958007812e+02 8.989395904541015625e+01 4.600009918212890625e+01
1.277359085083007812e+02 9.040117645263671875e+01 4.600009918212890625e+01
1.278708572387695312e+02 9.090918731689453125e+01 4.600009918212890625e+01
1.280030517578125000e+02 9.141741180419921875e+01 4.600009918212890625e+01
1.281324768066406250e+02 9.192524719238281250e+01 4.600009918212890625e+01
1.282590942382812500e+02 9.243212127685546875e+01 4.600009918212890625e+01
1.283828887939453125e+02 9.293744659423828125e+01 4.600009918212890625e+01
1.285038452148437500e+02 9.344062805175781250e+01 4.600009918212890625e+01
1.286219482421875000e+02 9.394109344482421875e+01 4.600009918212890625e+01
1.287371673583984375e+02 9.443824768066406250e+01 4.600009918212890625e+01
1.288494873046875000e+02 9.493150329589843750e+01 4.600009918212890625e+01
1.289588928222656250e+02 9.542028045654296875e+01 4.600009918212890625e+01
1.290653533935546875e+02 9.590398406982421875e+01 4.600009918212890625e+01
1.291688537597656250e+02 9.638204193115234375e+01 4.600009918212890625e+01
1.292693786621093750e+02 9.685385894775390625e+01 4.600009918212890625e+01
1.293669128417968750e+02 9.731884765625000000e+01 4.600009918212890625e+01
1.294614105224609375e+02 9.777642059326171875e+01 4.600009918212890625e+01
1.295528869628906250e+02 9.822600555419921875e+01 4.600009918212890625e+01
1.296412811279296875e+02 9.866699981689453125e+01 4.600009918212890625e+01
1.297266082763671875e+02 9.909882354736328125e+01 4.600009918212890625e+01
1.298088378906250000e+02 9.952089691162109375e+01 4.600009918212890625e+01
1.298879394531250000e+02 9.993262481689453125e+01 4.600009918212890625e+01
1.299639129638671875e+02 1.003334197998046875e+02 4.600009918212890625e+01
1.300367126464843750e+02 1.007227096557617188e+02 4.600009918212890625e+01
1.301063385009765625e+02 1.010998916625976562e+02 4.600009918212890625e+01
1.301727600097656250e+02 1.014643936157226562e+02 4.600009918212890625e+01
1.302359619140625000e+02 1.018156204223632812e+02 4.600009918212890625e+01
1.302959289550781250e+02 1.021529846191406250e+02 4.600009918212890625e+01
1.303526306152343750e+02 1.024759063720703125e+02 4.600009918212890625e+01
1.304060516357421875e+02 1.027837982177734375e+02 4.600009918212890625e+01
1.304561614990234375e+02 1.030760803222656250e+02 4.600009918212890625e+01
1.305029754638671875e+02 1.033521499633789062e+02 4.600009918212890625e+01
1.305464324951171875e+02 1.036114349365234375e+02 4.600009918212890625e+01
1.305865173339843750e+02 1.038533477783203125e+02 4.600009918212890625e+01
1.306232452392578125e+02 1.040772933959960938e+02 4.600009918212890625e+01
1.306565551757812500e+02 1.042826919555664062e+02 4.600009918212890625e+01
1.306864471435546875e+02 1.044689636230468750e+02 4.600009918212890625e+01
1.307128906250000000e+02 1.046355133056640625e+02 4.600009918212890625e+01
1.307358856201171875e+02 1.047817611694335938e+02 4.600009918212890625e+01
1.307553863525390625e+02 1.049071121215820312e+02 4.600009918212890625e+01
1.307713928222656250e+02 1.050109863281250000e+02 4.600009918212890625e+01
1.307838897705078125e+02 1.050927963256835938e+02 4.600009918212890625e+01
1.307928314208984375e+02 1.051519622802734375e+02 4.600009918212890625e+01
1.307982025146484375e+02 1.051878890991210938e+02 4.600009918212890625e+01
1.308000030517578125e+02 1.051999969482421875e+02 4.600009918212890625e+01
