2.519999999999999929e+01 1.004000000000000057e+02 4.600010000000000332e+01
3.000000000000000000e+01 8.120000000000000284e+01 4.600010000000000332e+01
4.639999999999999858e+01 6.840000000000000568e+01 4.600010000000000332e+01
5.560000000000000142e+01 4.560000000000000142e+01 4.600010000000000332e+01
6.400000000000000000e+01 3.080000000000000071e+01 4.600010000000000332e+01
7.759999999999999432e+01 2.360000000000000142e+01 4.600010000000000332e+01
9.240000000000000568e+01 3.080000000000000071e+01 4.600010000000000332e+01
1.000000000000000000e+02 4.800000000000000000e+01 4.600010000000000332e+01
1.084000000000000057e+02 7.000000000000000000e+01 4.600010000000000332e+01
1.235999999999999943e+02 7.959999999999999432e+01 4.600010000000000332e+01
1.308000000000000114e+02 1.052000000000000028e+02 4.600010000000000332e+01
